3.1281919479370117
2.85093355178833
2.8066728115081787
2.7069737911224365
2.7702202796936035
2.5490710735321045
2.9618403911590576
3.2359859943389893
3.316950798034668
3.5441694259643555
3.115602970123291
3.0922062397003174
3.8434627056121826
3.7863965034484863
3.9648778438568115
2.835190773010254
2.602886199951172
2.964134693145752
3.0227158069610596
3.4891088008880615
3.063932180404663
2.9360191822052
4.274402141571045
2.793402671813965
2.8580615520477295
2.8523120880126953
4.94214940071106
3.2565386295318604
3.2471954822540283
7.079034090042114
9.318113565444946
3.2877449989318848
2.894043445587158
3.503444194793701
2.9797961711883545
25.428004503250122
